image: house_map.pgm
resolution: 0.050000
origin: [-7.465355, -5.236248, 0.000000]
negate: 0
occupied_thresh: 0.65
free_thresh: 0.196

